0.10492649999999999
0.015753200000000002
0.015753200000000002
0.0084346
0.0084346
0.0084346
0.015753200000000002
0.0084346
0.015753200000000002
0.0084346
0.10492649999999999
0.015753200000000002
0.015753200000000002
0.0084346
0.0084346
0.0084346
0.015753200000000002
0.015753200000000002
0.0084346
0.0084346
0.0084346
0.0084346
0.0084346
0.0084346
0.0084346
0.0084346
0.015753200000000002
0.0084346
0.0084346
0.0084346
0.015753200000000002
0.015753200000000002
0.015753200000000002
0.015753200000000002
0.0084346
0.10492649999999999
